mean: 4.47980
stdev: 1.48647
